0.0000000000 0.0000000000 0.0000000000 0.0000000000 
0.0076941761 0.0111299616 0.1537501918 0.2197026119 
0.0387417146 0.0544488202 0.4666667184 0.6354206924 
0.1060803044 0.1424133049 0.8789012289 1.1004229390 
0.2154620669 0.2703484927 1.3068362921 1.4231940929 
0.3638420016 0.4147631688 1.6588948726 1.4263052181 
0.5401924091 0.5392571768 1.8672706987 1.0335672912 
0.7289030116 0.6064394518 1.9069975462 0.2965742254 
0.9131486871 0.5873102791 1.7778171346 -0.6757003510 
1.0757770810 0.4630564785 1.4741521956 -1.7890218314 
1.1987050514 0.2236291930 0.9852589907 -2.9542448871 
1.2650747939 -0.1266095978 0.3489577541 -3.9606733426 
1.2677480011 -0.5492698957 -0.2836900019 -4.3619221838 
1.2164270480 -0.9655487591 -0.7386093592 -3.8569837511 
1.1299400582 -1.2964882408 -0.9966018569 -2.7131552572 
1.0227592966 -1.4995569221 -1.1529788409 -1.3339038948 
0.9006094080 -1.5615919310 -1.2920165669 0.0957342560 
0.7643618589 -1.4804864479 -1.4303297638 1.5229026382 
0.6173196952 -1.2581636544 -1.5040060861 2.9109955063 
0.4725730039 -0.8983004301 -1.3836598007 4.2598825401 
0.3561000288 -0.4005172995 -0.9463683694 5.6325230260 
0.2962949952 0.2262390991 -0.2735326708 6.7325700613 
0.2942577511 0.9013920179 0.2082137204 6.5674154923 
0.3163827380 1.4952537003 0.2434939528 5.2576850515 
0.3267612790 1.9515529830 -0.0214406241 3.9111777232 
0.3066805883 2.2924635735 -0.3737789724 2.9706649340 
0.2545911139 2.5559531854 -0.6664749174 2.3580987126 
0.1796863330 2.7671551699 -0.8319600805 1.9158052123 
0.0971491443 2.9355830744 -0.8196979148 1.4930708442 
0.0277011363 3.0552499856 -0.5702045217 0.9293962768 
-0.0005542591 3.1016176247 0.0046372290 0.0096985820 
