0.0000000000 0.0000000000 0.0000000000 0.0000000000 
0.0077091982 0.0111516915 0.1540503708 0.2201315414 
0.0387942581 0.0545217042 0.4671162952 0.6360014101 
0.1061761686 0.1425351355 0.8793172828 1.1008075453 
0.2155881613 0.2704824638 1.3070249371 1.4230502028 
0.3639711200 0.4148513052 1.6587683817 1.4255501009 
0.5402877907 0.5392380696 1.8667245175 1.0322112969 
0.7289228574 0.6062631619 1.9060333092 0.2948219173 
0.9130518165 0.5869470706 1.7764460806 -0.6776544074 
1.0755193866 0.4624896445 1.4723077469 -1.7911014657 
1.1982433206 0.2228615254 0.9830314064 -2.9561101274 
1.2643852589 -0.1275167604 0.3466441371 -3.9614981702 
1.2668470488 -0.5501569638 -0.2856124673 -4.3607050707 
1.2153660062 -0.9662147497 -0.7399170826 -3.8539332449 
1.1287690060 -1.2968071081 -0.9975011939 -2.7093784443 
1.0215058544 -1.4994910292 -1.1537174029 -1.3300256067 
0.8992878749 -1.5611402895 -1.2926272691 0.0995562326 
0.7629933915 -1.4796591200 -1.4306462576 1.5265742075 
0.6159565006 -1.2569769703 -1.5035780606 2.9144865034 
0.4713151605 -0.8967560635 -1.3819892230 4.2635057726 
0.3550828591 -0.3985845366 -0.9432739714 5.6364708775 
0.2956120965 0.2284783182 -0.2700186097 6.7343548503 
0.2938560343 0.9035398863 0.2104190102 6.5641174497 
0.3161257031 1.4969543774 0.2442584035 5.2525395933 
0.3265520835 1.9527829479 -0.0212711357 3.9070564121 
0.3064945412 2.2933402088 -0.3735080844 2.9677082613 
0.2544495277 2.5565680678 -0.6658659307 2.3557755684 
0.1796193972 2.7675571996 -0.8310794255 1.9138277689 
0.0971755324 2.9358030496 -0.8187130627 1.4913692379 
0.0278162975 3.0553251974 -0.5694137393 0.9281715075 
-0.0003940476 3.1016230513 0.0047479361 0.0095112065 
