0.0000000000 0.0000000000 0.0000000000 0.0000000000 
0.0076908862 0.0111252027 0.1536844521 0.2196086756 
0.0387291670 0.0544313540 0.4665474721 0.6352638334 
0.1060521369 0.1423764933 0.8787084164 1.1001984682 
0.2154145279 0.2702924529 1.3066419991 1.4230395722 
0.3637779583 0.4147003014 1.6587589157 1.4263238946 
0.5401178635 0.5392045577 1.8671961435 1.0337492417 
0.7288233797 0.6064107800 1.9069702059 0.2968653750 
0.9130710091 0.5873173059 1.7778837951 -0.6752833352 
1.0757094791 0.4631083719 1.4742871776 -1.7885485567 
1.1986547752 0.2237299680 0.9854693267 -2.9537531458 
1.2650484758 -0.1264631461 0.3492234564 -3.9602730995 
1.2677464501 -0.5490987542 -0.2834606694 -4.3618377943 
1.2164431354 -0.9653881410 -0.7384811774 -3.8572581111 
1.1299634516 -1.2963662739 -0.9965814536 -2.7136308698 
1.0227813714 -1.4994861007 -1.1530264676 -1.3344404933 
0.9006244019 -1.5615755877 -1.2921122733 0.0951847579 
0.7643652713 -1.4805250956 -1.4304674464 1.5223540007 
0.6173068519 -1.2582567425 -1.5041947695 2.9104585855 
0.4725371474 -0.8984472091 -1.3839306899 4.2593530958 
0.3560305594 -0.4007187663 -0.9467641979 5.6319824316 
0.2961861392 0.2259969728 -0.2739155134 6.7323432150 
0.2941190718 0.9011575936 0.2079897169 6.5677615611 
0.3162304715 1.4950670893 0.2434377794 5.2582391884 
0.3266060949 1.9514170391 -0.0214403593 3.9116215761 
0.3065239838 2.2923660346 -0.3738052662 2.9709914839 
0.2544310854 2.5558832999 -0.6665159375 2.3583287328 
0.1795212009 2.7671052721 -0.8320207100 1.9159785594 
0.0969780104 2.9355473954 -0.8197571439 1.4931843525 
0.0275242784 3.0552231773 -0.5702597245 0.9294617749 
-0.0007360863 3.1015948336 0.0045930502 0.0097141686 
