0.0000000000 0.0000000000 0.0000000000 0.0000000000 
0.0076916364 0.0111262878 0.1536994419 0.2196300949 
0.0387324358 0.0544359262 0.4665828091 0.6353112317 
0.1060594183 0.1423860437 0.8787532483 1.1002492297 
0.2154274855 0.2703079250 1.3067105629 1.4231053398 
0.3637957980 0.4147183102 1.6587880785 1.4263088337 
0.5401387299 0.5392199736 1.8672275987 1.0337132705 
0.7288485794 0.6064231756 1.9070254201 0.2968414685 
0.9130993160 0.5873238213 1.7778906642 -0.6753762104 
1.0757373782 0.4631040861 1.4742720640 -1.7886703540 
1.1986796710 0.2237119509 0.9854245651 -2.9539032612 
1.2650691078 -0.1264943522 0.3491837271 -3.9603812629 
1.2677618444 -0.5491397313 -0.2835252096 -4.3619202046 
1.2164522422 -0.9654338825 -0.7385431990 -3.8572724460 
1.1299684154 -1.2964097801 -0.9966031942 -2.7135780562 
1.0227860876 -1.4995227521 -1.1530097442 -1.3343601300 
0.9006326740 -1.5616036612 -1.2920576302 0.0952746545 
0.7643793678 -1.4805438659 -1.4304052810 1.5224502869 
0.6173264200 -1.2582657945 -1.5041471929 2.9105559349 
0.4725615067 -0.8984463889 -1.3838822762 4.2594527918 
0.3560589378 -0.4007090023 -0.9467328466 5.6320579668 
0.2962174419 0.2260132464 -0.2738893095 6.7323937298 
0.2941512388 0.9011752644 0.2079816462 6.5677430229 
0.3162602738 1.4950813310 0.2433993449 5.2581957908 
0.3266329876 1.9514271577 -0.0214602495 3.9115810972 
0.3065491685 2.2923724129 -0.3738197078 2.9709565368 
0.2544546014 2.5558867766 -0.6665349900 2.3583054409 
0.1795416060 2.7671081602 -0.8320640000 1.9159907386 
0.0969924733 2.9355539961 -0.8198327916 1.4932478531 
0.0275316760 3.0552359967 -0.5703254354 0.9295242310 
-0.0007330649 3.1016116943 0.0045711822 0.0097336561 
