0.0000000000 0.0084758711 0.0000000000 3496.7922246186 0.0000000000 
0.1000000000 0.0124438452 0.0020564238 4687.4555686750 59.9548537490 
0.2000000000 0.0230510546 0.0055874528 8249.3197367954 195.3023828441 
0.3000000000 0.0364476479 0.0090465962 14207.4718032710 471.0142127930 
0.4000000000 0.0575891705 0.0161281527 22583.0372291823 771.0738709259 
0.5000000000 0.0853569925 0.0251592787 32257.7926932203 1029.2597371922 
0.6000000000 0.1201052056 0.0327144300 42342.1535702493 1344.6590792581 
0.7000000000 0.1587697507 0.0438142048 52544.2804950720 1575.7605830567 
0.8000000000 0.1936670299 0.0542519575 61210.6817771872 1556.3823054998 
0.9000000000 0.2347622639 0.0592213167 69611.9952686950 1660.9039634533 
1.0000000000 0.2872069901 0.0620732432 76404.6207623878 1992.0166505896 
